Id,SalePrice
1461,175413.59137579775
1462,197218.4011378221
1463,241446.6860442211
1464,235174.45771048468
1465,204176.059982147
1466,235042.0683460301
1467,186311.37659775364
1468,232419.2922904402
1469,172624.19613816298
1470,169784.6543910036
1471,206045.52452745984
1472,141536.45152805911
1473,141621.28431874007
1474,142892.40678825637
1475,182659.86429386435
1476,328138.82566888526
1477,283382.1244635831
1478,175240.76527922726
1479,196633.38581820886
1480,179951.12359752075
1481,224073.00532135958
1482,208034.49077973314
1483,203956.3539511175
1484,183799.60707707278
1485,190551.99823657953
1486,232630.97486152232
1487,253183.75964693524
1488,170864.08442371272
1489,259674.30503400468
1490,173326.00911309416
1491,220972.07359228266
1492,107439.85818375679
1493,179360.66882750404
1494,240537.14982465692
1495,219809.9616059544
1496,204057.6820692248
1497,144560.794102151
1498,144306.98042545718
1499,143000.39022842082
1500,143254.88860046372
1501,143993.63544462773
1502,160424.00659390082
1503,283161.6276773475
1504,230601.11541356708
1505,169106.90499268798
1506,190676.31095468916
1507,218974.29312485587
1508,180421.51817574573
1509,217210.79266341403
1510,171817.90258595042
1511,172326.21463468712
1512,171953.45246561355
1513,184847.16539263708
1514,130155.58842012889
1515,147572.66785227702
1516,160341.23828476007
1517,180058.70934989554
1518,124166.79090599681
1519,169271.0309899965
1520,186599.6483238208
1521,191132.09742505642
1522,172719.5375174932
1523,145213.9858302472
1524,174190.13959594656
1525,174181.78184435912
1526,122088.00526925002
1527,104217.15979476606
1528,144929.67343062916
1529,185981.31611374932
1530,172173.83513595763
1531,119435.17154300699
1532,98519.09584431909
1533,165557.420750793
1534,112701.96508273105
1535,151431.09864986315
1536,145056.52321103032
1537,87740.79834708209
1538,150331.2657581999
1539,168939.37729536952
1540,114561.82643273819
1541,171752.2655301623
1542,140974.77745967457
1543,211914.60608588994
1544,99306.86540396948
1545,121722.9181099967
1546,141262.82095395873
1547,141872.79541244276
1548,141262.82095395873
1549,141839.13617431
1550,141669.47059294808
1551,101119.73092857223
1552,145065.3374261838
1553,175632.26671962763
1554,158718.6881369871
1555,198821.164348947
1556,166264.68527075392
1557,135295.92024355696
1558,158587.7071931169
1559,162230.65394795017
1560,129108.5247005015
1561,128582.55646780602
1562,168937.69587489212
1563,168907.0830360764
1564,140231.29149607097
1565,219713.03996901988
1566,206867.62996455756
1567,106692.86770389685
1568,247126.45423388892
1569,162866.42537294325
1570,175171.29596589992
1571,147193.4705368948
1572,171860.49015512818
1573,296557.3788165476
1574,192021.75762623717
1575,176020.1770872902
1576,239127.31696026894
1577,167937.67316470205
1578,172539.1785574437
1579,162778.56151697694
1580,233918.69871832198
1581,198867.0265492248
1582,168395.49635623963
1583,173239.59606480892
1584,216659.89304549957
1585,186141.57359592774
1586,105706.51409756462
1587,150654.33346945647
1588,190063.06186510506
1589,131706.39497896863
1590,161376.66376787293
1591,166497.6839250644
1592,99142.62529076946
1593,104118.7720161188
1594,122274.06159530897
1595,147937.18638565467
1596,166468.69478559768
1597,136591.6317506177
1598,201302.79806736088
1599,202570.13625581353
1600,202485.30346513257
1601,104650.91940968805
1602,146667.98652141722
1603,145952.33423897286
1604,202492.30919089876
1605,219582.80144162715
1606,166908.67911573258
1607,149102.80288823927
1608,193116.20878862537
1609,260416.09827748575
1610,217383.3905282015
1611,181645.49709330976
1612,172603.97777210502
1613,175842.26787023238
1614,182768.19008170333
1615,141275.6321255991
1616,142248.54485985654
1617,142231.60112489865
1618,167502.5615239588
1619,177387.30826660895
1620,123121.24834320348
1621,218438.87110018654
1622,166370.07877516738
1623,172142.9940653589
1624,222651.08361071805
1625,193126.52449516763
1626,170706.20069060582
1627,233301.8679996393
1628,236119.72523902793
1629,162628.384667371
1630,206608.20599362932
1631,206411.20220455175
1632,207653.4062087481
1633,180498.4027086072
1634,211693.947910801
1635,230970.4100694336
1636,166131.96283143302
1637,218894.6929202298
1638,218710.88778920248
1639,172109.37017690216
1640,237129.5718425182
1641,172125.97156418551
1642,210507.43000018265
1643,211100.11837603428
1644,213337.49020171637
1645,186628.14567525068
1646,170434.87269949654
1647,189639.2756090508
1648,183759.22899920534
1649,185250.73413906572
1650,145978.35443432082
1651,168757.78528633996
1652,139662.623907284
1653,139662.623907284
1654,140896.3560440014
1655,180531.53830104633
1656,140626.49419460492
1657,140821.57537840368
1658,140567.0770063608
1659,180402.99414714938
1660,171655.16396413918
1661,222803.49845912357
1662,308165.8972372679
1663,174264.27091587125
1664,176370.148939354
1665,173125.88015848404
1666,199161.19819181907
1667,197393.45673218355
1668,188312.35293006498
1669,188828.68038271458
1670,193390.04794927014
1671,192566.9247779912
1672,196711.47646458267
1673,238440.78869647588
1674,187195.87491223152
1675,205689.51321123715
1676,202245.9756883363
1677,211200.9678453643
1678,175920.4412853793
1679,196691.1439826332
1680,294767.21660208073
1681,187295.02083267004
1682,182092.73292998257
1683,182819.28486803602
1684,217162.9290916419
1685,231165.26302144933
1686,182059.86319424803
1687,181873.22430904116
1688,229752.3837577443
1689,233210.37183086667
1690,231160.06578507047
1691,229734.9835592204
1692,237897.00892021912
1693,182127.037985735
1694,230258.6590853107
1695,161272.54352306525
1696,248620.84717245144
1697,179016.28236335787
1698,220453.74476813874
1699,188961.29797895218
1700,214464.36269230756
1701,236119.95347081096
1702,189968.09818312537
1703,170970.86530362343
1704,170333.0961738577
1705,186486.16064927893
1706,172617.91045742188
1707,273137.9776577187
1708,167978.14524649398
1709,192021.22239645565
1710,166131.39225197546
1711,216697.09049619146
1712,256038.44309350048
1713,171171.81105427328
1714,185718.49533979502
1715,229485.68242355637
1716,169528.38287924943
1717,166131.39225197546
1718,166301.05783333737
1719,233553.6449551628
1720,187505.26056661186
1721,175487.60857983094
1722,175742.1069518738
1723,174518.54105613113
1724,254009.36509190896
1725,235272.0820275674
1726,212122.73852112715
1727,188316.4998188478
1728,214420.19486552553
1729,233462.83348173925
1730,122009.6605637504
1731,187691.08843656795
1732,185147.26323993108
1733,186214.83265816967
1734,185401.54198067862
1735,184286.9779676363
1736,165877.69269117314
1737,197138.11623784696
1738,218977.71722152346
1739,141695.87210223082
1740,288395.915794348
1741,200712.56767464723
1742,141980.64096541487
1743,143370.14134785338
1744,195643.90704634407
1745,179545.74721813714
1746,144612.73327427002
1747,237542.77074370772
1748,216183.46709518437
1749,169859.2421744943
1750,149217.88244237792
1751,239732.47187972468
1752,165504.47405853352
1753,169435.07822108953
1754,195203.23266391014
1755,169452.04937121685
1756,166192.61792960687
1757,167444.8740588865
1758,186673.77964374548
1759,193697.186015574
1760,168926.65205646132
1761,168997.80176104288
1762,231168.53765254942
1763,168093.08153896514
1764,169634.9001777011
1765,170028.22306050718
1766,188491.72828883558
1767,195730.43421052082
1768,168266.30285666962
1769,191731.82687635024
1770,186402.79400031074
1771,149048.78744047356
1772,168334.1919123927
1773,170424.0477285373
1774,124690.9582453292
1775,184179.3195102695
1776,175908.38378624414
1777,103244.62475785919
1778,166090.384940402
1779,169745.71915027648
1780,218503.8632221601
1781,169859.2421744943
1782,162861.47963688566
1783,217115.71486554286
1784,165279.2235464667
1785,106549.10953821382
1786,146691.51486825125
1787,163930.84459149317
1788,97856.28880946708
1789,107005.90568672778
1790,107430.0696401326
1791,124671.86367330948
1792,170609.62140134585
1793,190147.24531011298
1794,167250.02110687076
1795,188290.0978428367
1796,185826.47877995946
1797,123600.77575657298
1798,165622.73785556422
1799,165877.57857528163
1800,162035.46805973636
1801,147521.9861129709
1802,123261.44459384914
1803,211218.72452073952
1804,140441.65739100787
1805,166700.47351477755
1806,135966.13063990674
1807,125579.81963526938
1808,155671.80851182458
1809,168081.48907671872
1810,162755.1776171986
1811,129825.28003889628
1812,146308.70057409443
1813,138964.82937977876
1814,101675.97724843309
1815,99085.16605748015
1816,102803.40295360498
1817,167827.6754000249
1818,165794.42720507807
1819,157576.6016346098
1820,94298.10446831012
1821,137412.01041175998
1822,168285.49859156247
1823,85249.99054205674
1824,100169.45097889363
1825,159880.94958888288
1826,139219.32775182166
1827,79197.00371974931
1828,139083.32140859248
1829,103507.25264970648
1830,165275.94891536664
1831,168383.4299066437
1832,93828.7952389389
1833,163381.86757885752
1834,184132.46896031866
1835,86701.45037524958
1836,137965.7195967208
1837,130782.78387568827
1838,133709.5655376084
1839,178253.1998332401
1840,166346.9362339231
1841,143394.4939306021
1842,145369.56119386127
1843,153326.28170610027
1844,172481.62054229455
1845,174573.83192857512
1846,174085.39589822185
1847,175140.09502384317
1848,168672.952495659
1849,197577.6436686054
1850,169301.10859903067
1851,214574.0405059678
1852,166284.22821427102
1853,183335.04174122808
1854,184065.62949670065
1855,198598.4992018661
1856,216709.06522655347
1857,196293.15012928046
1858,160193.31404489191
1859,160193.31404489191
1860,160230.59026179925
1861,160174.67593643823
1862,128542.04096947462
1863,121906.87435996482
1864,121969.56617930901
1865,260541.74549763318
1866,189497.29058307904
1867,168974.55097790944
1868,189930.25138676047
1869,164796.1118214022
1870,187984.99649770316
1871,172900.07201997808
1872,235787.5139179618
1873,244262.65602800698
1874,170294.92439469512
1875,202054.78330542962
1876,213302.9180364515
1877,188772.99428913658
1878,171382.60666358785
1879,198397.37809289273
1880,182862.00985767774
1881,173441.26186048382
1882,236868.41009238368
1883,213895.05319772245
1884,217623.68456660502
1885,180109.9735922349
1886,175081.07305673306
1887,168419.02470307366
1888,170282.036737201
1889,217486.66854522913
1890,171607.72150625708
1891,107213.49809916294
1892,164030.02676952255
1893,173361.2839585072
1894,126798.3024105247
1895,173276.45116782625
1896,143221.78029654984
1897,120187.73695659635
1898,160976.98100887536
1899,103573.56144782527
1900,163600.0994121398
1901,151892.7850367575
1902,195620.18581740302
1903,139324.60879371685
1904,168136.5293933306
1905,193263.19816886898
1906,155824.6444741201
1907,182650.96325646088
1908,139582.7601211989
1909,139591.80256813538
1910,139547.40650957034
1911,188604.5137442449
1912,183324.31422963817
1913,166743.961058069
1914,105904.44879857342
1915,288842.10660319804
1916,125355.62829844837
1917,215717.51438384238
1918,157930.19548395998
1919,157863.21935536902
1920,152385.90441593737
1921,193600.60672631403
1922,194828.342815412
1923,232301.6170576662
1924,190234.84339486848
1925,211521.31869889513
1926,192066.97048084193
1927,191787.28473814524
1928,193168.08502132178
1929,172015.7819468441
1930,161622.15504265536
1931,154573.86982058495
1932,216402.26950792415
1933,233518.40545942576
1934,228246.78840013608
1935,210478.66100043023
1936,229743.0343128093
1937,245378.07988297028
1938,192826.31338841445
1939,202222.28980907126
1940,200284.04064578013
1941,231407.0318020533
1942,220438.0742927866
1943,201435.75815935063
1944,236703.74886529363
1945,194798.33590572985
1946,221262.29907289252
1947,188040.46640460173
1948,247598.411381995
1949,189933.44725164503
1950,186875.21720763738
1951,200064.33461475064
1952,175354.79810148635
1953,173691.8362557536
1954,213715.8099396425
1955,212857.104924952
1956,235379.31937104417
1957,168577.41823422175
1958,237920.19491937864
1959,121067.28190209318
1960,168823.67297056873
1961,163850.2302968619
1962,136940.46837969925
1963,137465.95239517686
1964,137788.79628650885
1965,138259.03330709762
1966,178740.2785179988
1967,260735.49264040985
1968,174496.32131857885
1969,192793.4355966454
1970,199798.5230500575
1971,217594.5732191781
1972,234430.01374983627
1973,211427.05369450606
1974,231673.153956296
1975,169742.50743307307
1976,186824.2718868722
1977,224559.57208090922
1978,241630.9869910481
1979,297586.91768053273
1980,155356.12831207723
1981,293980.72030203615
1982,184773.60018882898
1983,184434.26902610515
1984,138920.4095499129
1985,181046.20672987617
1986,180791.70835783327
1987,245665.96300064528
1988,229046.87503782305
1989,227328.78031309298
1990,227813.1429011056
1991,292827.4225308614
1992,227684.59874720866
1993,209310.55296648256
1994,234699.0767879922
1995,227802.97666013087
1996,193498.15755122964
1997,214986.9324091588
1998,188315.43467905803
1999,232293.1805398633
2000,233884.19725240918
2001,213394.33543900863
2002,190819.49047405118
2003,213040.21137838872
2004,300492.78235498763
2005,168301.6918179742
2006,254358.55549760902
2007,169128.3178521362
2008,252172.47134036664
2009,213563.77278858752
2010,218077.58378136947
2011,173274.44979633196
2012,166560.99965834132
2013,227824.88939968462
2014,228379.6342281567
2015,244576.64121946206
2016,210920.7783669397
2017,210301.87557741062
2018,166714.06385241987
2019,164934.8575659499
2020,128412.76110766493
2021,141852.91530454825
2022,184264.27040591105
2023,145069.69243478263
2024,229268.7238498799
2025,215029.29174655353
2026,197344.07439880318
2027,139736.52699542567
2028,119942.12577942073
2029,138126.7580585346
2030,199682.42393888353
2031,199297.8011553394
2032,199208.2275918456
2033,198486.08213496496
2034,138093.09882040182
2035,231710.31605731187
2036,139423.86670994526
2037,139423.86670994526
2038,158111.5824542985
2039,216242.02685828775
2040,254260.96974503866
2041,178625.16718014216
2042,208886.9595925353
2043,182150.338100786
2044,169142.56613593927
2045,194689.78188610784
2046,122507.72760529688
2047,211283.03194736398
2048,164977.2169033446
2049,142325.37960443523
2050,236215.54106672335
2051,181384.9906177149
2052,148190.32864236523
2053,187819.09736068337
2054,175113.31991041763
2055,167052.25385622864
2056,167646.08339099537
2057,163975.7280514418
2058,221374.94872006643
2059,166046.13834740449
2060,167798.23465794182
2061,190729.68867877437
2062,168619.7775716165
2063,170620.94678603482
2064,184245.3213103898
2065,172854.3592852678
2066,175524.9201464143
2067,166439.8035778851
2068,126464.98528021945
2069,168445.71356511625
2070,139388.22987161903
2071,95643.13002596812
2072,145115.32640327743
2073,185697.5135121725
2074,187518.73678836267
2075,190355.34625209653
2076,143361.02183169196
2077,164595.75463500907
2078,165104.75137909484
2079,140673.02144499315
2080,107666.01540492359
2081,138784.91879122664
2082,101041.55032840576
2083,138700.08600054565
2084,163409.92141973978
2085,163901.0615017356
2086,148675.71827340146
2087,142401.05417891493
2088,156972.52709265286
2089,94711.33871917566
2090,187042.25218459894
2091,133624.88221249497
2092,139594.94343810529
2093,139137.57671013376
2094,95218.9660725633
2095,132479.3716134501
2096,98110.36606761994
2097,137030.11842904674
2098,142004.4566650088
2099,143633.93008040552
2100,152689.68908492566
2101,129415.60198538902
2102,185686.4110402932
2103,142161.91928422565
2104,130361.29062782231
2105,159090.60807828064
2106,168902.05766192268
2107,168071.92876487755
2108,167645.74104332083
2109,165470.0513588362
2110,115865.39494292552
2111,137203.9402215224
2112,138717.4861990696
2113,135142.12989117173
2114,159040.00510518998
2115,137006.1689683227
2116,96659.75412344153
2117,136836.50338696077
2118,136751.6705962798
2119,105141.17066441492
2120,153261.56318396347
2121,158718.96867402212
2122,137497.651397993
2123,96778.24615225523
2124,136903.82186322627
2125,159972.595223223
2126,141993.94807635952
2127,210317.58140243878
2128,134120.53678910248
2129,114476.00867637852
2130,146948.5681487165
2131,138829.7713133577
2132,144071.36409808838
2133,98693.00231838835
2134,137750.34988113627
2135,103019.0888012999
2136,131666.07233547137
2137,147831.57792482397
2138,138608.4457070647
2139,168657.22914684738
2140,185926.3680499955
2141,169571.84602024328
2142,185105.83481446758
2143,168888.78526965727
2144,175884.51362915582
2145,166695.08339629168
2146,175143.34376218723
2147,112994.37341670238
2148,140945.47323014063
2149,163380.2653856113
2150,202624.0765033218
2151,135124.72969264782
2152,119109.51824729698
2153,167427.28097825556
2154,121490.64704425742
2155,212632.32382946962
2156,173212.3946276177
2157,167794.61767916725
2158,243993.89085280214
2159,180941.90745061391
2160,319913.72272432834
2161,184197.8788525077
2162,151457.19485813798
2163,260099.66348079976
2164,188290.78193101753
2165,187679.58815457113
2166,167815.40662468274
2167,183098.23045374063
2168,236024.30509348222
2169,228917.98853625156
2170,234244.98469112074
2171,189120.0338577748
2172,164693.90019963178
2173,192898.82910105886
2174,213970.3083116854
2175,229717.16224680643
2176,199429.09295121333
2177,238120.73585283136
2178,233479.24198691561
2179,181360.67550474385
2180,103435.2436143896
2181,167645.74104332083
2182,169522.65041308902
2183,167437.33310333878
2184,147978.4178395001
2185,158572.1787572447
2186,162054.19439132555
2187,180175.38330004507
2188,208208.98196243666
2189,248181.03903227573
2190,110434.72743264334
2191,117500.7398093488
2192,125923.84055824237
2193,145923.20881358194
2194,140225.13626264728
2195,167171.20234860838
2196,139930.20497693424
2197,95121.14887337358
2198,98590.99756096647
2199,99500.9083571675
2200,164545.36694068304
2201,152702.1603379631
2202,162156.186195729
2203,182937.5943662968
2204,163987.2897599825
2205,159513.68726753345
2206,181581.76617500946
2207,223157.7706734852
2208,147582.10598136322
2209,212456.52589938548
2210,138125.97661217087
2211,98354.12761923054
2212,137006.1689683227
2213,140657.54385174802
2214,156348.72949397838
2215,98848.65644821791
2216,141580.29271160398
2217,155872.27572459812
2218,158294.82311471735
2219,135396.2859155401
2220,164513.05972837156
2221,286713.78061038005
2222,198065.9916239008
2223,214712.68423090485
2224,215326.1494559911
2225,104001.62082554918
2226,168137.22347299114
2227,198528.5555882512
2228,187871.1664754868
2229,323532.67627955065
2230,162536.23915292535
2231,322883.0639001913
2232,190374.0984764417
2233,181818.83298792146
2234,187429.16322486888
2235,182368.75428829613
2236,187423.50952492395
2237,187844.2847313372
2238,178899.26414868567
2239,146881.92995594157
2240,181655.72472479416
2241,163659.24997057323
2242,181357.74322131832
2243,138863.92464509432
2244,102203.0427900078
2245,101647.40239928052
2246,198572.60124310723
2247,136681.34335073503
2248,161952.4178656867
2249,162393.29732226636
2250,171957.69335832086
2251,262064.26604018654
2252,166646.99159273654
2253,175900.83930264306
2254,178061.16550977406
2255,206213.9269140869
2256,207563.68924200008
2257,206928.2991810792
2258,182511.89845798214
2259,224429.28614790793
2260,219529.2210339563
2261,197596.57139935176
2262,198067.3789993981
2263,232347.09349373003
2264,342722.90406493196
2265,200200.27231932018
2266,202585.70253320984
2267,189586.80336515652
2268,278499.82754411094
2269,164926.7320487031
2270,214281.309573346
2271,169921.20588194998
2272,230332.02694367085
2273,169075.59939165975
2274,166618.75782276568
2275,188433.84794165628
2276,176017.636957961
2277,208029.9843010166
2278,165105.7964069176
2279,162586.37713457082
2280,178053.97042995426
2281,196279.70084544914
2282,213908.6816724793
2283,135532.02289080853
2284,136131.27789373716
2285,175636.88895386155
2286,161366.54233349423
2287,258633.1528294862
2288,257372.31071683613
2289,262045.96339767985
2290,306181.5142253765
2291,305077.45003659424
2292,175143.15088008024
2293,261212.2175218601
2294,234424.16716778436
2295,289721.8116041052
2296,328109.3285572444
2297,316587.9311335535
2298,189219.69489602785
2299,233687.45704479064
2300,217817.23882727468
2301,304024.12030167104
2302,182884.31827938117
2303,181406.3681274871
2304,317727.445684979
2305,267190.87083329353
2306,178431.02496430915
2307,199881.8247816051
2308,179595.0595559162
2309,202426.65965638869
2310,271238.843230625
2311,177141.37850223068
2312,326585.97266863857
2313,211396.13385769184
2314,322170.4353386123
2315,314635.32817105553
2316,316367.32023142645
2317,186849.266375419
2318,314334.7567318287
2319,295713.1041889344
2320,250547.602507581
2321,178462.2083825824
2322,243792.13537987016
2323,194236.14564563418
2324,178858.1002327401
2325,273019.53896338015
2326,181709.9504574484
2327,207478.85645131912
2328,226267.68139083902
2329,227448.54560151245
2330,227638.20131714933
2331,232030.13153412598
2332,229346.35803268768
2333,229591.35749422802
2334,212248.2896101822
2335,214234.55181081296
2336,226613.10535219696
2337,254382.08384444306
2338,257465.61537499606
2339,165338.94385447507
2340,275824.4117942601
2341,254475.27438671148
2342,164326.72694652918
2343,162638.21801759122
2344,209364.930984403
2345,208669.54455529276
2346,252399.89508615294
2347,252585.70559123217
2348,297623.1195822546
2349,300284.52388057316
2350,321091.91823303525
2351,254940.7706344874
2352,186015.4063837078
2353,212053.55077405798
2354,250044.14534754865
2355,161874.74026633945
2356,169837.72511709027
2357,178758.6329330264
2358,236767.8623416272
2359,145795.4137342602
2360,159222.24693418905
2361,161494.74413971664
2362,244112.25246903143
2363,184536.67478545
2364,167640.77604128257
2365,196730.40419532903
2366,283364.59277346183
2367,283806.8242558628
2368,266691.0306520357
2369,292652.4011125057
2370,136252.93043775944
2371,135976.74755794584
2372,179064.3048576175
2373,225115.621529594
2374,225628.78846703505
2375,210981.92806579408
2376,168905.5914626233
2377,196018.87338695466
2378,168906.27615797234
2379,207605.8203476118
2380,168662.78424904429
2381,168482.11220456756
2382,185310.66112535106
2383,165088.62444017667
2384,212062.25087331995
2385,184769.14630204765
2386,166787.51047699552
2387,162212.81615425667
2388,139140.43188071708
2389,178349.71834108373
2390,190646.5856112652
2391,179778.18931392537
2392,163110.60587524183
2393,164077.42581086516
2394,159303.0675249614
2395,209046.15193492398
2396,185605.82446129288
2397,186192.04633022894
2398,115504.2225461196
2399,157129.8097827811
2400,130472.2436546702
2401,157680.8235165871
2402,165432.9246074964
2403,118121.92553663033
2404,171335.38183136113
2405,177304.0087889394
2406,163924.81808035265
2407,178283.19867605876
2408,162891.0220161383
2409,164246.40669687802
2410,165154.36265883793
2411,165211.97135769474
2412,186818.7676524948
2413,166025.7270992395
2414,168492.6207932168
2415,117716.07470888153
2416,167211.3320827258
2417,162284.32218875433
2418,163297.55753923618
2419,136741.53970498109
2420,162805.84687778284
2421,158004.3326854019
2422,175569.90476923605
2423,148330.59795261195
2424,162280.5204199414
2425,182402.64139475027
2426,122426.9706061409
2427,165349.7732372928
2428,178558.41575528082
2429,160927.78236685798
2430,180383.7653472711
2431,161451.2610082837
2432,161620.24189429655
2433,160967.45163485175
2434,161088.21721710646
2435,162806.7598049149
2436,160773.05514640204
2437,160519.46970149124
2438,148777.0323272767
2439,95764.36145610036
2440,134708.17739414275
2441,91362.15088225747
2442,89537.88120675024
2443,96225.34516284648
2444,139706.46509082886
2445,134411.43380059663
2446,163212.94002731983
2447,181718.80459304297
2448,143798.07847437166
2449,154710.68794134204
2450,139110.61619976867
2451,241659.02031154488
2452,197112.73066611282
2453,163358.44086919306
2454,163708.43861401285
2455,133936.19165774612
2456,138899.60095915874
2457,134580.64291839252
2458,156792.6165041007
2459,104995.37577756158
2460,134775.49587040825
2461,135114.8270331321
2462,135114.8270331321
2463,134996.3350043184
2464,160020.74036125332
2465,139112.97790373664
2466,138238.1365658165
2467,174201.3258557931
2468,98849.7505567441
2469,128765.87699281995
2470,165995.72871743652
2471,210452.13958875433
2472,141858.2053145894
2473,99339.54951482931
2474,122572.80084267026
2475,168633.1267244574
2476,136972.574486891
2477,130748.76692857646
2478,156444.18651161355
2479,173140.28729216612
2480,185011.71382128366
2481,185596.6678984649
2482,126157.24298677123
2483,180408.3821384674
2484,180380.1483684965
2485,162753.7777629794
2486,173354.34893209307
2487,222395.89247646264
2488,136334.77595010021
2489,168440.4375625219
2490,172498.4620849366
2491,163992.13655661815
2492,167253.46318833748
2493,195956.6380311765
2494,204345.0247452619
2495,179085.8438888898
2496,187705.03910668398
2497,142183.5250257809
2498,157892.3919717777
2499,121114.25703488139
2500,178543.08184681422
2501,164381.72834475813
2502,143349.48222266676
2503,136995.1251498919
2504,156811.9275657524
2505,209922.1430322469
2506,253141.80244552548
2507,272418.2646041581
2508,272255.94709623687
2509,186059.68832638132
2510,163670.31970830975
2511,161183.09353238298
2512,210174.947030794
2513,226340.31121937494
2514,200061.8767796903
2515,196211.284800603
2516,228268.50825758284
2517,186317.72384279937
2518,200098.0634840515
2519,235254.55857810457
2520,237850.33877365335
2521,227204.0993545528
2522,209090.20564581448
2523,185268.88096790155
2524,175880.96328425963
2525,160268.97453345265
2526,180945.4985366325
2527,193344.92377881656
2528,165475.16982899958
2529,161281.59542692176
2530,161366.42821760272
2531,167641.36060298167
2532,208874.90609595776
2533,208043.1969413084
2534,169036.4005694736
2535,215192.65428229747
2536,180274.12224417634
2537,200717.51948816123
2538,313683.4326140967
2539,164024.9002324957
2540,251542.08563371765
2541,208085.2139310286
2542,226699.6325163737
2543,134175.88587586515
2544,162904.4628882131
2545,152138.19754532442
2546,162789.24549049945
2547,154279.13599405542
2548,136693.5283210147
2549,205865.58465154495
2550,321570.8018070678
2551,102702.34774148403
2552,160180.59500233343
2553,115435.10563587498
2554,98790.54474854188
2555,139337.85436232152
2556,162758.86088346678
2557,161968.16764087853
2558,115977.72581751745
2559,96179.48296256868
2560,136184.0908248665
2561,153743.2006752465
2562,158182.23100243072
2563,159173.78184514184
2564,159555.3582293689
2565,194162.55901241105
2566,155437.5164499071
2567,140170.19962111942
2568,209247.07550036258
2569,202968.1837885345
2570,135663.6308088994
2571,202232.85997285414
2572,195591.32874259277
2573,200873.1393364987
2574,192783.1037843786
2575,136232.88530856985
2576,137060.19603808093
2577,202248.52102916868
2578,90586.92663242666
2579,142954.23673458188
2580,125945.56041568912
2581,140496.0998317718
2582,94802.75612173277
2583,287508.2488977981
2584,174469.40221911328
2585,166280.33958717392
2586,188032.05319137126
2587,182887.70702637275
2588,175694.1257361568
2589,168386.94371690523
2590,196434.23118124047
2591,182728.74690483618
2592,268668.387826194
2593,268973.94563489355
2594,166417.01326087528
2595,177109.43694216615
2596,167812.8346737309
2597,179752.10638101635
2598,231452.46428795342
2599,276319.0547391389
2600,212418.52467049457
2601,200595.15602333227
2602,134598.76544230332
2603,99242.66529486587
2604,134583.51608084122
2605,135167.96082099693
2606,152536.504766758
2607,188414.47226439405
2608,223645.8614675777
2609,225413.60303306984
2610,148629.50771725154
2611,176556.09891682828
2612,190590.8196832878
2613,185763.05884872674
2614,167037.7245397916
2615,182451.83192406496
2616,181869.30978918806
2617,183787.11235463823
2618,211298.60946291607
2619,166145.03592409295
2620,222949.44874041108
2621,236634.93774739106
2622,225567.2557914051
2623,230895.60397209553
2624,320799.266066629
2625,169879.3053136883
2626,177621.4013193535
2627,193368.4601816851
2628,324479.2170676997
2629,328443.0413696993
2630,318496.84071763477
2631,324867.68506180146
2632,324138.4197632631
2633,183578.45287830068
2634,195048.26095532658
2635,169738.86088443786
2636,209679.42650845903
2637,168913.8151078801
2638,313701.64960866026
2639,159343.42549086182
2640,163473.3512689082
2641,158474.60710865606
2642,207849.06682175622
2643,135022.73651360112
2644,133497.11567204195
2645,133124.46761885987
2646,132768.64918474416
2647,133023.14755678707
2648,176539.9112609016
2649,159515.63713041958
2650,173298.23241578267
2651,133614.14155914288
2652,325520.1329735718
2653,174000.6079141369
2654,256011.65003350208
2655,188895.6484444421
2656,321433.3041017286
2657,314345.3974211686
2658,319471.1054777134
2659,316091.28681718034
2660,317482.0251095486
2661,275418.23660363595
2662,189146.64395360192
2663,231127.84725691014
2664,179365.66978831164
2665,248152.80341235804
2666,268911.7049593421
2667,297267.5473647211
2668,297861.3768994878
2669,272202.7721721944
2670,317292.02704623726
2671,313297.1508067327
2672,263768.1576055842
2673,174497.9629666928
2674,175064.34017785237
2675,263213.5268930036
2676,224699.96479334414
2677,223576.2528179615
2678,318263.1312911074
2679,225104.34947938018
2680,207925.6358244259
2681,224465.68478735923
2682,226051.9607270923
2683,238205.5876964954
2684,226419.6397756785
2685,230739.05428001075
2686,318250.47186539625
2687,278401.0186515736
2688,253822.51947694266
2689,250017.07072129202
2690,302987.08495603263
2691,205180.29429768166
2692,176531.23446621207
2693,271379.64900091547
2694,256932.70451986225
2695,204799.28849291214
2696,221752.992820601
2697,223230.94297249508
2698,230048.36335516613
2699,181846.68904971282
2700,181761.85625903183
2701,224442.4200219842
2702,162033.24791337905
2703,116517.27506990264
2704,179254.32090572806
2705,179708.86946616555
2706,161271.23630384004
2707,178828.1375960298
2708,185543.6070903139
2709,177272.0180315464
2710,178744.65683117008
2711,168257.7852981326
2712,210772.6397609175
2713,175667.08067878723
2714,134232.5878851059
2715,134917.00066151316
2716,154780.17251325477
2717,223587.2178701768
2718,176272.90824848844
2719,149290.24868738718
2720,163540.89797695674
2721,162880.43466127355
2722,206392.22781073683
2723,142933.88217832218
2724,149088.14770482885
2725,180133.70075004257
2726,157852.490930459
2727,104954.73862955015
2728,181250.40699965903
2729,207680.065783428
2730,164744.01727485846
2731,96384.42338934366
2732,162920.87139338948
2733,162795.6018705926
2734,253520.69276290922
2735,162710.76907991164
2736,207869.83561495636
2737,163029.08306533695
2738,133993.18878196905
2739,180767.57179579118
2740,180666.53283896088
2741,160507.85530360288
2742,180644.73421529864
2743,158106.0763753698
2744,163646.06324958717
2745,140615.75100429976
2746,167756.15688680531
2747,163761.39476319234
2748,154802.84686982178
2749,165337.27623016763
2750,169997.2598071535
2751,172670.41060405102
2752,98785.4194059197
2753,169064.78380501198
2754,147260.4719947165
2755,135206.24443568924
2756,99790.45646355412
2757,100474.75512406987
2758,133778.7831409943
2759,156697.5387062295
2760,120524.77773462652
2761,158757.1722613188
2762,162558.27546529062
2763,164998.51564690133
2764,166269.0675369601
2765,240295.20668036933
2766,142990.0821594525
2767,116207.66118373928
2768,115898.94285983115
2769,158475.0635722221
2770,158813.48180781386
2771,158050.8996188173
2772,121275.10359973
2773,161367.46029240708
2774,138340.26482344136
2775,131596.88654198407
2776,138425.09761412232
2777,155513.2857485645
2778,151462.26695191598
2779,122622.2446447738
2780,75304.10680592638
2781,91441.93590212708
2782,158898.77106206087
2783,157314.17654280522
2784,119835.2284759839
2785,132495.01861064378
2786,95079.64168169459
2787,138299.59985954242
2788,91550.26168996606
2789,183039.41387565673
2790,111856.51004655308
2791,163134.59068564192
2792,130565.35543072308
2793,181792.93591296766
2794,113328.10616753835
2795,132189.34668605268
2796,124799.36078760758
2797,138923.94064258758
2798,120359.64205917128
2799,157490.8478499333
2800,77691.82140916765
2801,92712.49639267349
2802,143126.98406493687
2803,120175.31333141963
2804,182738.3779160294
2805,95791.27854992598
2806,107556.35476994283
2807,155763.83774717664
2808,183044.9767634826
2809,176473.57289389576
2810,142154.2421384762
2811,180093.49224970967
2812,171068.52144232878
2813,135085.83145496994
2814,115090.27023877375
2815,111343.70463599039
2816,181018.5888178035
2817,168471.5248497028
2818,153018.86598327637
2819,146387.11011518113
2820,162414.36783404005
2821,131852.51730855287
2822,178979.46310298724
2823,206337.62002221332
2824,178528.61971250482
2825,166773.7626069222
2826,164098.23274117982
2827,138382.8523926191
2828,210424.82274847315
2829,116418.54494358083
2830,322114.70476031094
2831,156576.21011578175
2832,257788.81959880175
2833,254938.99749477612
2834,316110.93460378074
2835,162059.90142574563
2836,224860.8161595526
2837,147322.19541652422
2838,168581.8873587121
2839,230320.31579476784
2840,178483.60919692708
2841,224786.26372573787
2842,232079.18959928834
2843,223716.10437174828
2844,176251.26761827286
2845,158474.60710865606
2846,225985.994276648
2847,231089.93799102266
2848,165316.82963232667
2849,206792.44230341757
2850,227063.61581996983
2851,251532.55421771723
2852,228052.9017097276
2853,210899.37542542713
2854,176949.607299208
2855,161202.5484368764
2856,312293.85346544266
2857,205731.07979970457
2858,250155.89523205522
2859,159878.56245317456
2860,126598.58206297204
2861,154749.20502802506
2862,203803.1109932797
2863,159999.6573707577
2864,227476.4723734848
2865,189337.25636464194
2866,134025.6460868366
2867,133775.50850989425
2868,129757.90228389624
2869,131257.42282766954
2870,171697.71211933505
2871,116764.06738521547
2872,95177.45888088431
2873,141709.135796636
2874,140695.67221437112
2875,101023.90623521114
2876,156443.49679775268
2877,152968.4508737809
2878,141222.8943422314
2879,139465.55705642828
2880,133073.14232038235
2881,159317.0651648755
2882,142830.01223960775
2883,152986.00421808258
2884,182780.75566101266
2885,186492.11831213968
2886,218269.90013210938
2887,88761.19036430663
2888,133934.89373438992
2889,96272.48062273006
2890,93469.64451302051
2891,137340.47034503432
2892,83479.91538667445
2893,105632.9444914318
2894,136425.50865730827
2895,284836.5822274125
2896,193946.6980073152
2897,204060.6335794284
2898,115768.5902165469
2899,161890.69230794974
2900,160190.4981228648
2901,288676.09952793166
2902,177913.17590830373
2903,258536.49477401073
2904,254908.61288774342
2905,199393.95526374396
2906,113540.60318547586
2907,134267.94149673445
2908,181427.30653857015
2909,138345.2354814105
2910,96583.42981840835
2911,132266.8863982076
2912,169122.27838797728
2913,113319.004599625
2914,132422.88287571172
2915,133117.5760089852
2916,113252.01110615715
2917,161046.84896419832
2918,152461.5312190533
2919,208488.7384044854
